-999 -640 810 849 
-999 -621 703 937 
-999 -621 711 929 
-999 -549 782 786 
-999 -543 742 820 
-999 -390 591 818 
-999 -325 624 720 
-999 -324 406 937 
-999 -314 591 742 
-999 -268 501 786 
-999 -265 295 989 
-999 -265 295 989 
-999 -265 564 720 
-999 -151 241 929 
-999 -151 564 606 
-999 -141 383 777 
-999 -141 514 646 
-999 -141 516 644 
-999 -66 432 653 
-999 -66 439 646 
-999 -41 211 849 
-999 -35 312 742 
-999 -35 408 646 
-999 -35 514 540 
-999 -24 332 711 
-999 -24 437 606 
-999 29 489 501 
-999 30 345 644 
-999 30 383 606 
-999 30 489 500 
-999 98 144 777 
-999 98 432 489 
-999 144 383 492 
-999 173 332 514 
-999 173 345 501 
-999 187 241 591 
-999 187 332 500 
-999 191 312 516 
-999 211 217 591 
-999 217 394 408 
-999 291 345 383 
-950 -796 777 989 
-950 -722 703 989 
-950 -663 644 989 
-950 -621 742 849 
-950 -549 742 777 
-950 -543 703 810 
-950 -518 711 777 
-950 -485 606 849 
-950 -446 606 810 
-950 -403 591 782 
-950 -403 653 720 
-950 -390 540 820 
-950 -390 618 742 
-950 -324 591 703 
-950 -320 644 646 
-950 -314 295 989 
-950 -314 295 989 
-950 -314 564 720 
-950 -265 591 644 
-950 -141 291 820 
-950 -141 408 703 
-950 -66 187 849 
-950 -66 216 820 
-950 -66 383 653 
-950 -41 191 820 
-950 -41 291 720 
-950 -35 187 818 
-950 -35 489 516 
-950 -24 217 777 
-950 -24 291 703 
-950 29 295 646 
-950 29 295 646 
-950 30 220 720 
-950 30 439 501 
-950 98 332 540 
-950 98 380 492 
-950 98 383 489 
-950 144 173 653 
-950 144 220 606 
-950 144 312 514 
-950 144 326 500 
-950 144 394 432 
-950 173 191 606 
-950 187 291 492 
-950 217 345 408 
-950 295 295 380 
-950 312 326 332 
-938 -748 777 929 
-938 -742 711 989 
-938 -674 703 929 
-938 -624 653 929 
-938 -543 564 937 
-938 -485 514 929 
-938 -446 618 786 
-938 -403 432 929 
-938 -390 606 742 
-938 -325 501 782 
-938 -324 345 937 
-938 -324 500 782 
-938 -324 540 742 
-938 -320 492 786 
-938 -320 501 777 
-938 -276 492 742 
-938 -276 514 720 
-938 -268 406 820 
-938 -268 408 818 
-938 -265 437 786 
-938 -151 291 818 
-938 -151 332 777 
-938 -151 406 703 
-938 -66 380 644 
-938 -66 406 618 
-938 -41 217 782 
-938 -41 408 591 
-938 -35 144 849 
-938 -35 173 820 
-938 -35 211 782 
-938 -35 216 777 
-938 -35 492 501 
-938 29 187 742 
-938 29 437 492 
-938 30 217 711 
-938 30 439 489 
-938 98 216 644 
-938 144 406 408 
-938 187 332 439 
-938 216 241 501 
-938 217 241 500 
-938 220 332 406 
-921 -798 810 929 
-921 -663 786 818 
-921 -640 644 937 
-921 -621 742 820 
-921 -549 501 989 
-921 -485 437 989 
-921 -485 489 937 
-921 -485 606 820 
-921 -485 644 782 
-921 -403 624 720 
-921 -390 394 937 
-921 -325 489 777 
-921 -320 332 929 
-921 -314 326 929 
-921 -314 406 849 
-921 -314 437 818 
-921 -276 514 703 
-921 -276 564 653 
-921 -268 220 989 
-921 -268 432 777 
-921 -268 489 720 
-921 -268 591 618 
-921 -265 217 989 
-921 -151 439 653 
-921 -151 501 591 
-921 -66 187 820 
-921 -66 383 624 
-921 -35 332 644 
-921 -24 312 653 
-921 30 191 720 
-921 98 406 437 
-921 144 173 624 
-921 144 191 606 
-921 211 216 514 
-921 211 241 489 
-921 211 291 439 
-921 216 345 380 
-893 -798 782 929 
-893 -796 720 989 
-893 -729 653 989 
-893 -729 653 989 
-893 -722 646 989 
-893 -722 786 849 
-893 -674 777 810 
-893 -640 564 989 
-893 -640 624 929 
-893 -549 644 818 
-893 -549 720 742 
-893 -543 646 810 
-893 -518 711 720 
-893 -324 591 646 
-893 -314 516 711 
-893 -268 332 849 
-893 -268 439 742 
-893 -265 241 937 
-893 -151 500 564 
-893 -141 312 742 
-893 -141 408 646 
-893 -141 514 540 
-893 -66 326 653 
-893 -66 439 540 
-893 -41 -35 989 
-893 -41 144 810 
-893 -35 295 653 
-893 -35 295 653 
-893 -35 408 540 
-893 -35 432 516 
-893 -24 217 720 
-893 -24 291 646 
-893 -24 437 500 
-893 29 98 786 
-893 29 173 711 
-893 29 383 501 
-893 30 383 500 
-893 30 394 489 
-893 98 191 624 
-893 98 326 489 
-893 98 383 432 
-893 144 332 437 
-893 173 332 408 
-893 187 332 394 
-893 216 291 406 
-892 -714 777 849 
-892 -663 646 929 
-892 -640 703 849 
-892 -640 742 810 
-892 -543 606 849 
-892 -518 501 929 
-892 -518 644 786 
-892 -518 653 777 
-892 -485 408 989 
-892 -446 540 818 
-892 -403 326 989 
-892 -390 492 810 
-892 -390 516 786 
-892 -390 591 711 
-892 -325 591 646 
-892 -324 516 720 
-892 -320 295 937 
-892 -320 295 937 
-892 -320 383 849 
-892 -314 406 820 
-892 -314 408 818 
-892 -276 406 782 
-892 -276 564 624 
-892 -268 191 989 
-892 -268 394 786 
-892 -151 439 624 
-892 -141 489 564 
-892 -66 332 646 
-892 -41 211 742 
-892 -41 437 516 
-892 -41 439 514 
-892 -35 98 849 
-892 -35 383 564 
-892 -24 216 720 
-892 -24 312 624 
-892 -24 345 591 
-892 29 383 500 
-892 29 394 489 
-892 30 291 591 
-892 98 406 408 
-892 173 345 394 
-892 187 211 514 
-892 187 345 380 
-892 191 220 501 
-892 211 295 406 
-892 211 295 406 
-892 217 312 383 
-892 220 312 380 
-892 241 291 380 
-892 241 326 345 
-892 291 295 326 
-892 291 295 326 
-872 -748 703 937 
-872 -748 711 929 
-872 -714 786 820 
-872 -663 618 937 
-872 -621 703 810 
-872 -543 653 782 
-872 -518 624 786 
-872 -485 591 786 
-872 -446 489 849 
-872 -446 618 720 
-872 -390 345 937 
-872 -390 500 782 
-872 -390 540 742 
-872 -325 514 703 
-872 -325 564 653 
-872 -324 406 810 
-872 -324 439 777 
-872 -320 394 818 
-872 -320 492 720 
-872 -320 501 711 
-872 -314 217 989 
-872 -268 383 777 
-872 -268 514 646 
-872 -268 516 644 
-872 -265 220 937 
-872 -265 380 777 
-872 -265 437 720 
-872 -151 332 711 
-872 -151 437 606 
-872 -141 291 742 
-872 -141 380 653 
-872 -66 29 929 
-872 -66 216 742 
-872 -66 312 646 
-872 -66 394 564 
-872 -41 191 742 
-872 -41 432 501 
-872 -35 216 711 
-872 -24 98 818 
-872 29 217 646 
-872 30 216 646 
-872 187 191 514 
-872 187 216 489 
-872 191 295 406 
-872 191 295 406 
-872 217 295 380 
-872 217 295 380 
-869 -760 720 929 
-869 -742 782 849 
-869 -674 777 786 
-869 -663 703 849 
-869 -663 742 810 
-869 -640 540 989 
-869 -640 711 818 
-869 -624 703 810 
-869 -549 501 937 
-869 -549 618 820 
-869 -543 646 786 
-869 -485 437 937 
-869 -485 564 810 
-869 -446 406 929 
-869 -446 624 711 
-869 -325 394 820 
-869 -325 432 782 
-869 -325 437 777 
-869 -320 220 989 
-869 -320 432 777 
-869 -320 489 720 
-869 -320 591 618 
-869 -314 383 820 
-869 -314 492 711 
-869 -314 500 703 
-869 -276 345 820 
-869 -276 383 782 
-869 -268 220 937 
-869 -268 380 777 
-869 -268 437 720 
-869 -265 217 937 
-869 -265 501 653 
-869 -151 191 849 
-869 -151 220 820 
-869 -151 394 646 
-869 -151 500 540 
-869 -141 220 810 
-869 -141 406 624 
-869 -141 439 591 
-869 -141 514 516 
-869 -66 173 782 
-869 -66 439 516 
-869 -41 144 786 
-869 -41 312 618 
-869 -35 408 516 
-869 -35 432 492 
-869 -24 295 618 
-869 -24 295 618 
-869 29 216 644 
-869 30 241 618 
-869 30 295 564 
-869 30 295 564 
-869 30 345 514 
-869 98 173 618 
-869 98 291 500 
-869 98 383 408 
-869 173 216 500 
-869 211 241 437 
-869 211 295 383 
-869 211 295 383 
-869 216 241 432 
-846 -760 777 849 
-846 -729 606 989 
-846 -729 777 818 
-846 -729 606 989 
-846 -729 777 818 
-846 -714 591 989 
-846 -674 720 820 
-846 -663 540 989 
-846 -663 711 818 
-846 -640 720 786 
-846 -624 501 989 
-846 -543 591 818 
-846 -518 564 820 
-846 -446 383 929 
-846 -446 492 820 
-846 -403 332 937 
-846 -403 492 777 
-846 -390 514 742 
-846 -324 380 810 
-846 -324 408 782 
-846 -320 540 646 
-846 -314 191 989 
-846 -314 394 786 
-846 -276 332 810 
-846 -276 439 703 
-846 -276 489 653 
-846 -268 516 618 
-846 -265 345 786 
-846 -265 540 591 
-846 -151 501 516 
-846 -141 187 820 
-846 -141 383 624 
-846 -66 326 606 
-846 -66 432 500 
-846 -41 187 720 
-846 -41 406 501 
-846 -35 295 606 
-846 -35 295 606 
-846 -24 187 703 
-846 -24 326 564 
-846 29 191 646 
-846 29 345 492 
-846 98 144 624 
-846 191 295 380 
-846 191 295 380 
-846 211 216 439 
-846 217 241 408 
-832 -796 711 937 
-832 -748 782 818 
-832 -729 644 937 
-832 -729 644 937 
-832 -621 624 849 
-832 -621 653 820 
-832 -549 591 810 
-832 -549 624 777 
-832 -543 406 989 
-832 -543 618 777 
-832 -543 653 742 
-832 -485 408 929 
-832 -446 516 782 
-832 -403 326 929 
-832 -403 406 849 
-832 -403 437 818 
-832 -390 432 810 
-832 -390 500 742 
-832 -390 618 624 
-832 -324 187 989 
-832 -324 394 782 
-832 -314 380 786 
-832 -276 191 937 
-832 -276 408 720 
-832 -268 191 929 
-832 -268 514 606 
-832 -265 406 711 
-832 -151 217 786 
-832 -151 439 564 
-832 -151 489 514 
-832 -141 144 849 
-832 -141 173 820 
-832 -141 211 782 
-832 -141 216 777 
-832 -141 492 501 
-832 -66 98 820 
-832 -66 312 606 
-832 -41 173 720 
-832 -35 241 646 
-832 -24 173 703 
-832 -24 312 564 
-832 -24 437 439 
-832 29 217 606 
-832 30 216 606 
-832 30 383 439 
-832 144 216 492 
-832 173 187 492 
-832 216 291 345 
-832 217 241 394 
-798 -742 711 849 
-798 -742 742 818 
-798 -729 618 929 
-798 -729 618 929 
-798 -722 720 820 
-798 -663 492 989 
-798 -624 624 818 
-798 -621 653 786 
-798 -543 432 929 
-798 -518 516 820 
-798 -446 618 646 
-798 -403 439 782 
-798 -403 501 720 
-798 -390 564 644 
-798 -325 432 711 
-798 -324 332 810 
-798 -324 439 703 
-798 -324 489 653 
-798 -320 492 646 
-798 -320 514 624 
-798 -314 312 820 
-798 -314 514 618 
-798 -276 312 782 
-798 -276 383 711 
-798 -268 383 703 
-798 -265 380 703 
-798 -265 437 646 
-798 -265 439 644 
-798 -265 492 591 
-798 -151 187 782 
-798 -151 345 624 
-798 -141 30 929 
-798 -141 173 786 
-798 -141 217 742 
-798 -66 98 786 
-798 -66 173 711 
-798 -66 383 501 
-798 -41 241 618 
-798 -41 295 564 
-798 -41 295 564 
-798 -41 345 514 
-798 -24 326 516 
-798 29 383 406 
-798 30 144 644 
-798 30 380 408 
-798 98 220 500 
-798 98 312 408 
-798 98 326 394 
-798 144 173 501 
-798 144 291 383 
-798 191 295 332 
-798 191 295 332 
-798 211 295 312 
-798 211 295 312 
-796 -722 720 818 
-796 -714 720 810 
-796 -674 501 989 
-796 -640 646 810 
-796 -624 591 849 
-796 -621 500 937 
-796 -549 516 849 
-796 -518 345 989 
-796 -518 514 820 
-796 -518 516 818 
-796 -485 312 989 
-796 -446 618 644 
-796 -403 437 782 
-796 -403 516 703 
-796 -390 217 989 
-796 -324 211 929 
-796 -324 291 849 
-796 -324 437 703 
-796 -324 516 624 
-796 -320 326 810 
-796 -320 394 742 
-796 -320 492 644 
-796 -314 312 818 
-796 -276 439 653 
-796 -276 501 591 
-796 -265 144 937 
-796 -265 295 786 
-796 -265 295 786 
-796 -265 437 644 
-796 -151 30 937 
-796 -66 291 591 
-796 -41 211 646 
-796 -24 30 810 
-796 -24 98 742 
-796 -24 187 653 
-796 -24 216 624 
-796 -24 326 514 
-796 -24 408 432 
-796 29 295 492 
-796 29 295 492 
-796 30 380 406 
-796 98 217 501 
-796 98 312 406 
-796 173 211 432 
-796 191 217 408 
-796 216 217 383 
-796 216 220 380 
-760 -748 591 937 
-760 -748 742 786 
-760 -722 653 849 
-760 -722 720 782 
-760 -674 644 810 
-760 -663 514 929 
-760 -624 618 786 
-760 -621 591 810 
-760 -621 624 777 
-760 -549 618 711 
-760 -543 394 929 
-760 -518 516 782 
-760 -446 406 820 
-760 -446 408 818 
-760 -403 406 777 
-760 -390 241 929 
-760 -390 564 606 
-760 -325 295 810 
-760 -325 295 810 
-760 -325 394 711 
-760 -325 514 591 
-760 -324 540 564 
-760 -320 380 720 
-760 -314 312 782 
-760 -314 383 711 
-760 -276 345 711 
-760 -276 432 624 
-760 -276 492 564 
-760 -276 516 540 
-760 -268 345 703 
-760 -265 439 606 
-760 -151 211 720 
-760 -151 220 711 
-760 -151 439 492 
-760 -141 144 777 
-760 -141 432 489 
-760 -66 332 514 
-760 -66 345 501 
-760 -41 332 489 
-760 -35 29 786 
-760 -35 191 624 
-760 -35 326 489 
-760 -35 383 432 
-760 -24 312 492 
-760 29 98 653 
-760 29 187 564 
-760 29 211 540 
-760 29 312 439 
-760 29 345 406 
-760 30 144 606 
-760 144 291 345 
-760 173 295 312 
-760 173 295 312 
-748 -729 711 786 
-748 -729 720 777 
-748 -729 711 786 
-748 -729 720 777 
-748 -722 501 989 
-748 -674 624 818 
-748 -663 711 720 
-748 -624 606 786 
-748 -621 540 849 
-748 -549 380 937 
-748 -549 540 777 
-748 -549 606 711 
-748 -543 501 810 
-748 -543 591 720 
-748 -518 437 849 
-748 -518 500 786 
-748 -446 394 820 
-748 -446 432 782 
-748 -446 437 777 
-748 -403 394 777 
-748 -390 514 644 
-748 -390 540 618 
-748 -324 439 653 
-748 -324 501 591 
-748 -268 187 849 
-748 -268 216 820 
-748 -268 383 653 
-748 -265 291 742 
-748 -265 380 653 
-748 -151 216 703 
-748 -151 295 624 
-748 -151 295 624 
-748 -141 291 618 
-748 -141 345 564 
-748 -141 408 501 
-748 -66 216 618 
-748 -66 345 489 
-748 -41 98 711 
-748 -41 191 618 
-748 -41 295 514 
-748 -41 295 514 
-748 -24 291 501 
-748 29 345 394 
-748 30 332 406 
-748 144 187 437 
-748 144 216 408 
-748 144 241 383 
-748 173 187 408 
-748 216 220 332 
-742 -674 618 818 
-742 -624 644 742 
-742 -621 394 989 
-742 -621 606 777 
-742 -549 501 810 
-742 -549 591 720 
-742 -518 291 989 
-742 -485 437 810 
-742 -446 564 644 
-742 -403 345 820 
-742 -403 383 782 
-742 -390 332 820 
-742 -390 432 720 
-742 -325 98 989 
-742 -325 345 742 
-742 -324 383 703 
-742 -314 432 644 
-742 -276 220 818 
-742 -276 394 644 
-742 -276 432 606 
-742 -268 220 810 
-742 -268 406 624 
-742 -268 439 591 
-742 -268 514 516 
-742 -265 98 929 
-742 -265 217 810 
-742 -265 241 786 
-742 -265 383 644 
-742 -151 -24 937 
-742 -151 295 618 
-742 -151 295 618 
-742 -141 312 591 
-742 -66 312 516 
-742 -35 144 653 
-742 -35 173 624 
-742 -35 191 606 
-742 -24 380 406 
-742 29 30 703 
-742 29 217 516 
-742 29 241 492 
-742 30 216 516 
-742 30 295 437 
-742 30 295 437 
-742 30 326 406 
-742 216 220 326 
-729 -729 489 989 
-729 -722 653 818 
-729 -714 653 810 
-729 -674 646 777 
-729 -674 703 720 
-729 -640 540 849 
-729 -624 591 782 
-729 -624 653 720 
-729 -549 516 782 
-729 -518 564 703 
-729 -485 492 742 
-729 -485 514 720 
-729 -446 492 703 
-729 -403 332 820 
-729 -403 432 720 
-729 -325 332 742 
-729 -324 144 929 
-729 -324 291 782 
-729 -320 220 849 
-729 -314 439 624 
-729 -268 501 516 
-729 -265 408 606 
-729 -265 500 514 
-729 -151 408 492 
-729 -141 187 703 
-729 -141 326 564 
-729 -66 29 786 
-729 -66 191 624 
-729 -66 326 489 
-729 -66 383 432 
-729 -41 144 646 
-729 -35 220 564 
-729 -35 295 489 
-729 -35 295 489 
-729 -35 345 439 
-729 29 220 500 
-729 29 312 408 
-729 29 326 394 
-729 144 173 432 
-729 144 211 394 
-729 187 217 345 
-729 217 220 312 
-729 217 241 291 
-729 -722 653 818 
-729 -714 653 810 
-729 -674 646 777 
-729 -674 703 720 
-729 -640 540 849 
-729 -624 591 782 
-729 -624 653 720 
-729 -549 516 782 
-729 -518 564 703 
-729 -485 492 742 
-729 -485 514 720 
-729 -446 492 703 
-729 -403 332 820 
-729 -403 432 720 
-729 -325 332 742 
-729 -324 144 929 
-729 -324 291 782 
-729 -320 220 849 
-729 -314 439 624 
-729 -268 501 516 
-729 -265 408 606 
-729 -265 500 514 
-729 -151 408 492 
-729 -141 187 703 
-729 -141 326 564 
-729 -66 29 786 
-729 -66 191 624 
-729 -66 326 489 
-729 -66 383 432 
-729 -41 144 646 
-729 -35 220 564 
-729 -35 295 489 
-729 -35 295 489 
-729 -35 345 439 
-729 29 220 500 
-729 29 312 408 
-729 29 326 394 
-729 144 173 432 
-729 144 211 394 
-729 187 217 345 
-729 217 220 312 
-729 217 241 291 
-722 -714 646 810 
-722 -674 606 810 
-722 -640 564 818 
-722 -624 437 929 
-722 -624 624 742 
-722 -624 646 720 
-722 -621 514 849 
-722 -549 514 777 
-722 -518 540 720 
-722 -485 516 711 
-722 -446 406 782 
-722 -446 564 624 
-722 -403 216 929 
-722 -403 492 653 
-722 -403 501 644 
-722 -390 312 820 
-722 -390 514 618 
-722 -324 217 849 
-722 -314 345 711 
-722 -314 432 624 
-722 -314 492 564 
-722 -314 516 540 
-722 -276 29 989 
-722 -276 241 777 
-722 -276 394 624 
-722 -265 187 820 
-722 -265 383 624 
-722 -151 173 720 
-722 -141 383 500 
-722 -141 394 489 
-722 -66 -41 849 
-722 -66 217 591 
-722 -41 -35 818 
-722 -41 291 492 
-722 -35 345 432 
-722 -35 383 394 
-722 29 173 540 
-722 30 211 501 
-722 30 220 492 
-722 30 332 380 
-722 98 144 500 
-722 98 312 332 
-714 -663 408 989 
-714 -640 437 937 
-714 -640 564 810 
-714 -624 540 818 
-714 -621 644 711 
-714 -549 501 782 
-714 -543 500 777 
-714 -543 624 653 
-714 -518 432 820 
-714 -518 606 646 
-714 -485 437 782 
-714 -485 516 703 
-714 -446 191 989 
-714 -446 394 786 
-714 -390 187 937 
-714 -390 500 624 
-714 -325 241 818 
-714 -325 406 653 
-714 -320 312 742 
-714 -320 408 646 
-714 -320 514 540 
-714 -314 345 703 
-714 -268 216 786 
-714 -268 220 782 
-714 -268 291 711 
-714 -265 217 782 
-714 -265 408 591 
-714 -151 241 644 
-714 -151 345 540 
-714 -141 98 777 
-714 -141 383 492 
-714 -66 394 406 
-714 -41 -35 810 
-714 -41 211 564 
-714 -35 332 437 
-714 -24 326 432 
-714 29 191 514 
-714 29 216 489 
-714 30 98 606 
-714 98 144 492 
-714 98 291 345 
-714 144 295 295 
-714 173 216 345 
-714 191 211 332 
-714 191 217 326 
-674 -663 646 711 
-674 -640 345 989 
-674 -640 514 820 
-674 -640 516 818 
-674 -624 500 818 
-674 -621 326 989 
-674 -549 394 849 
-674 -549 501 742 
-674 -549 540 703 
-674 -543 591 646 
-674 -518 394 818 
-674 -518 492 720 
-674 -518 501 711 
-674 -485 437 742 
-674 -446 211 929 
-674 -446 291 849 
-674 -446 437 703 
-674 -446 516 624 
-674 -403 394 703 
-674 -325 30 989 
-674 -324 29 989 
-674 -324 241 777 
-674 -324 394 624 
-674 -320 408 606 
-674 -320 500 514 
-674 -314 492 516 
-674 -276 326 644 
-674 -276 406 564 
-674 -268 144 818 
-674 -268 220 742 
-674 -265 30 929 
-674 -265 173 786 
-674 -265 217 742 
-674 -151 345 500 
-674 -151 406 439 
-674 -151 408 437 
-674 -141 191 644 
-674 -141 211 624 
-674 -141 217 618 
-674 -141 295 540 
-674 -141 295 540 
-674 -66 220 540 
-674 -41 144 591 
-674 -24 217 501 
-674 -24 312 406 
-674 29 173 492 
-674 98 216 380 
-674 187 216 291 
-663 -640 394 929 
-663 -624 489 818 
-663 -549 295 937 
-663 -549 295 937 
-663 -549 383 849 
-663 -543 406 820 
-663 -543 408 818 
-663 -518 383 818 
-663 -403 383 703 
-663 -390 144 929 
-663 -390 291 782 
-663 -325 492 516 
-663 -324 187 820 
-663 -324 383 624 
-663 -320 217 786 
-663 -320 439 564 
-663 -320 489 514 
-663 -314 187 810 
-663 -314 211 786 
-663 -314 220 777 
-663 -314 406 591 
-663 -276 30 929 
-663 -276 173 786 
-663 -276 217 742 
-663 -268 345 606 
-663 -268 437 514 
-663 -265 -41 989 
-663 -265 295 653 
-663 -265 295 653 
-663 -265 408 540 
-663 -265 432 516 
-663 -151 216 618 
-663 -151 345 489 
-663 -141 332 492 
-663 -66 29 720 
-663 -66 312 437 
-663 -35 -24 742 
-663 -35 217 501 
-663 -35 312 406 
-663 -24 191 516 
-663 29 30 624 
-663 29 217 437 
-663 30 216 437 
-663 98 191 394 
-640 -624 295 989 
-640 -624 295 989 
-640 -624 564 720 
-640 -621 432 849 
-640 -549 220 989 
-640 -549 432 777 
-640 -549 489 720 
-640 -549 591 618 
-640 -543 383 820 
-640 -543 492 711 
-640 -543 500 703 
-640 -518 241 937 
-640 -485 216 929 
-640 -485 492 653 
-640 -485 501 644 
-640 -446 500 606 
-640 -403 439 624 
-640 -390 406 644 
-640 -390 432 618 
-640 -325 332 653 
-640 -325 394 591 
-640 -314 383 591 
-640 -276 216 720 
-640 -276 312 624 
-640 -276 345 591 
-640 -268 217 711 
-640 -268 439 489 
-640 -151 29 782 
-640 -151 187 624 
-640 -151 220 591 
-640 -151 295 516 
-640 -151 295 516 
-640 -141 98 703 
-640 -141 312 489 
-640 -66 332 394 
-640 -41 187 514 
-640 -41 295 406 
-640 -41 295 406 
-640 -35 312 383 
-640 -24 144 540 
-640 30 191 439 
-640 98 217 345 
-624 -549 383 810 
-624 -549 540 653 
-624 -518 173 989 
-624 -518 380 782 
-624 -518 516 646 
-624 -446 241 849 
-624 -446 437 653 
-624 -403 394 653 
-624 -390 216 818 
-624 -325 187 782 
-624 -325 345 624 
-624 -324 191 777 
-624 -320 144 820 
-624 -320 187 777 
-624 -314 29 929 
-624 -314 216 742 
-624 -314 312 646 
-624 -314 394 564 
-624 -276 217 703 
-624 -276 380 540 
-624 -276 406 514 
-624 -265 291 618 
-624 -265 345 564 
-624 -265 408 501 
-624 -151 295 500 
-624 -151 295 500 
-624 -141 -35 820 
-624 -41 -35 720 
-624 -41 291 394 
-624 -35 -24 703 
-624 -35 187 492 
-624 30 98 516 
-624 30 220 394 
-624 98 220 326 
-624 187 216 241 
-624 211 216 217 
-621 -549 380 810 
-621 -549 408 782 
-621 -543 540 644 
-621 -518 439 720 
-621 -485 406 720 
-621 -446 98 989 
-621 -446 345 742 
-621 -390 211 820 
-621 -325 29 937 
-621 -324 -24 989 
-621 -324 312 653 
-621 -320 241 720 
-621 -314 173 782 
-621 -314 439 516 
-621 -276 326 591 
-621 -268 291 618 
-621 -268 345 564 
-621 -268 408 501 
-621 -265 406 500 
-621 -151 291 501 
-621 -141 191 591 
-621 -141 345 437 
-621 -66 -35 742 
-621 -66 191 516 
-621 -41 29 653 
-621 -35 30 646 
-621 -35 187 489 
-621 -24 173 492 
-621 29 98 514 
-621 29 173 439 
-621 30 217 394 
-621 98 211 332 
-621 98 217 326 
-549 -543 326 786 
-549 -518 98 989 
-549 -518 345 742 
-549 -485 312 742 
-549 -485 408 646 
-549 -485 514 540 
-549 -446 295 720 
-549 -446 295 720 
-549 -446 312 703 
-549 -446 501 514 
-549 -403 326 646 
-549 -403 408 564 
-549 -403 432 540 
-549 -390 30 929 
-549 -390 173 786 
-549 -390 217 742 
-549 -325 -35 929 
-549 -325 191 703 
-549 -325 241 653 
-549 -325 380 514 
-549 -325 394 500 
-549 -324 173 720 
-549 -314 383 500 
-549 -314 394 489 
-549 -276 345 500 
-549 -276 406 439 
-549 -276 408 437 
-549 -268 191 646 
-549 -268 345 492 
-549 -265 216 618 
-549 -265 345 489 
-549 -151 -66 786 
-549 -151 220 500 
-549 -151 312 408 
-549 -151 326 394 
-549 -66 29 606 
-549 -66 241 394 
-549 -41 173 437 
-549 -41 216 394 
-549 -24 29 564 
-549 -24 187 406 
-543 -518 144 937 
-543 -518 295 786 
-543 -518 295 786 
-543 -518 437 644 
-543 -485 345 703 
-543 -446 191 818 
-543 -403 29 937 
-543 -390 211 742 
-543 -390 437 516 
-543 -390 439 514 
-543 -325 -41 929 
-543 -324 241 646 
-543 -320 383 500 
-543 -320 394 489 
-543 -276 29 810 
-543 -268 187 644 
-543 -268 291 540 
-543 -268 394 437 
-543 -265 312 516 
-543 -141 98 606 
-543 -66 -24 653 
-543 -35 98 500 
-543 -24 98 489 
-518 -485 241 782 
-518 -485 312 711 
-518 -485 432 591 
-518 -403 295 646 
-518 -403 295 646 
-518 -390 217 711 
-518 -390 439 489 
-518 -325 -66 929 
-518 -325 217 646 
-518 -324 216 646 
-518 -314 312 540 
-518 -276 -35 849 
-518 -276 406 408 
-518 -268 29 777 
-518 -151 98 591 
-518 -151 173 516 
-518 -151 295 394 
-518 -151 295 394 
-518 -141 -41 720 
-518 -141 -24 703 
-518 -141 187 492 
-518 -41 173 406 
-518 -35 241 332 
-518 -24 217 345 
-518 30 217 291 
-485 -446 345 606 
-485 -446 437 514 
-485 -403 98 810 
-485 -403 394 514 
-485 -403 408 500 
-485 -390 394 501 
-485 -390 406 489 
-485 -324 211 618 
-485 -320 -24 849 
-485 -314 173 646 
-485 -314 380 439 
-485 -276 217 564 
-485 -276 241 540 
-485 -151 217 439 
-485 -66 -35 606 
-485 -66 191 380 
-485 -41 30 516 
-485 -41 220 326 
-485 -35 -24 564 
-485 -24 29 500 
-485 -24 217 312 
-485 29 144 332 
-485 98 187 220 
-485 98 191 216 
-446 -403 216 653 
-446 -403 380 489 
-446 -403 432 437 
-446 -325 173 618 
-446 -325 291 500 
-446 -325 383 408 
-446 -324 144 646 
-446 -320 -151 937 
-446 -320 -24 810 
-446 -320 380 406 
-446 -314 216 564 
-446 -314 291 489 
-446 -276 -35 777 
-446 -276 98 644 
-446 -276 241 501 
-446 -268 220 514 
-446 -268 295 439 
-446 -268 295 439 
-446 -268 326 408 
-446 -265 191 540 
-446 -265 217 514 
-446 -151 211 406 
-446 -151 291 326 
-446 -141 295 312 
-446 -141 295 312 
-446 -66 187 345 
-446 -66 220 312 
-446 -66 241 291 
-446 -41 216 291 
-446 29 217 220 
-446 30 216 220 
-403 -390 312 501 
-403 -324 -35 782 
-403 -314 173 564 
-403 -276 291 408 
-403 -268 191 500 
-403 -265 187 501 
-403 -151 191 383 
-403 -66 144 345 
-403 -41 173 291 
-403 -35 217 241 
-403 30 98 295 
-403 30 98 295 
-403 30 173 220 
-390 -325 144 591 
-390 -324 220 514 
-390 -324 295 439 
-390 -324 295 439 
-390 -324 326 408 
-390 -320 216 514 
-390 -320 241 489 
-390 -320 291 439 
-390 -314 -265 989 
-390 -268 241 437 
-390 -268 295 383 
-390 -268 295 383 
-390 -265 29 646 
-390 -265 295 380 
-390 -265 295 380 
-390 -151 216 345 
-390 -66 -24 500 
-390 -66 144 332 
-325 -324 -320 989 
-325 -324 -268 937 
-325 -324 -151 820 
-325 -324 -141 810 
-325 -320 173 492 
-325 -314 -151 810 
-325 -314 220 439 
-325 -276 30 591 
-325 -276 241 380 
-325 -276 295 326 
-325 -276 295 326 
-325 -265 173 437 
-325 -265 216 394 
-325 -141 191 295 
-325 -141 191 295 
-325 -66 191 220 
-325 30 98 217 
-324 -320 -265 929 
-324 -314 144 514 
-324 -314 326 332 
-324 -276 -24 644 
-324 -276 29 591 
-324 -268 -41 653 
-324 -268 98 514 
-324 -268 173 439 
-324 -265 -35 644 
-324 -141 173 312 
-324 -66 30 380 
-324 -66 98 312 
-324 -41 144 241 
-324 29 98 217 
-324 30 98 216 
-320 -314 -66 720 
-320 -314 30 624 
-320 -314 217 437 
-320 -265 -41 646 
-320 -265 173 432 
-320 -265 211 394 
-320 -141 -35 516 
-320 -141 98 383 
-320 -35 30 345 
-320 -24 144 220 
-320 -24 173 191 
-314 -276 173 437 
-314 -276 216 394 
-314 -265 98 501 
-314 -265 191 408 
-314 -265 216 383 
-314 -151 173 312 
-314 -141 -41 516 
-314 -41 30 345 
-276 -265 216 345 
-276 -141 29 408 
-276 -141 217 220 
-276 -66 30 332 
-276 -35 144 187 
-276 -24 29 291 
-268 -265 173 380 
-268 -265 241 312 
-268 -151 144 295 
-268 -151 144 295 
-265 -151 30 406 
-265 -151 216 220 
-265 -141 -66 492 
-265 -35 29 291 
-265 -24 98 211 
-141 -41 29 173 
-141 -35 -24 220 
-66 -41 29 98 
