-978 -500 781 997 
-978 -469 873 874 
-978 -383 781 880 
-978 -333 731 880 
-978 -273 554 997 
-978 -260 712 826 
-978 -244 575 947 
-978 -243 574 947 
-978 -214 618 874 
-978 -150 554 874 
-978 -38 442 874 
-978 -17 564 731 
-978 47 284 947 
-978 109 438 731 
-978 151 253 874 
-978 151 349 778 
-978 189 216 873 
-978 189 311 778 
-978 189 438 651 
-978 190 437 651 
-978 216 284 778 
-978 216 350 712 
-978 228 442 608 
-978 260 282 736 
-978 282 284 712 
-978 282 426 570 
-978 282 438 558 
-978 282 442 554 
-978 284 349 645 
-978 284 438 556 
-978 311 349 618 
-941 -484 778 947 
-941 -420 781 880 
-941 -392 645 988 
-941 -273 736 778 
-941 -260 554 947 
-941 -250 618 873 
-941 -226 731 736 
-941 -214 575 880 
-941 -209 570 880 
-941 -150 511 880 
-941 -38 282 997 
-941 -38 501 778 
-941 -38 564 715 
-941 -17 311 947 
-941 38 558 645 
-941 109 558 574 
-941 151 216 874 
-941 155 260 826 
-941 155 350 736 
-941 155 511 575 
-941 155 512 574 
-941 189 434 618 
-941 228 282 731 
-941 228 438 575 
-941 228 501 512 
-941 245 260 736 
-941 245 284 712 
-941 245 426 570 
-941 245 438 558 
-941 245 442 554 
-941 248 423 570 
-941 248 437 556 
-941 253 434 554 
-941 260 423 558 
-941 284 349 608 
-941 284 434 523 
-934 -469 715 988 
-934 -427 781 880 
-934 -420 781 873 
-934 -333 570 997 
-934 -254 608 880 
-934 -243 651 826 
-934 -216 570 880 
-934 -214 501 947 
-934 -214 574 874 
-934 -214 575 873 
-934 -214 712 736 
-934 -209 570 873 
-934 -209 712 731 
-934 -200 437 997 
-934 -200 554 880 
-934 -200 608 826 
-934 -150 437 947 
-934 -150 511 873 
-934 -150 558 826 
-934 -38 284 988 
-934 47 190 997 
-934 109 245 880 
-934 109 260 865 
-934 151 438 645 
-934 155 253 826 
-934 155 434 645 
-934 155 523 556 
-934 189 437 608 
-934 190 426 618 
-934 216 282 736 
-934 228 442 564 
-934 245 253 736 
-934 253 423 558 
-934 284 438 512 
-934 311 349 574 
-908 -653 873 988 
-908 -397 608 997 
-908 -397 731 874 
-908 -353 564 997 
-908 -333 715 826 
-908 -273 608 873 
-908 -250 511 947 
-908 -243 715 736 
-908 -226 437 997 
-908 -226 554 880 
-908 -226 608 826 
-908 -214 434 988 
-908 -17 228 997 
-908 -17 574 651 
-908 38 434 736 
-908 151 501 556 
-908 190 282 736 
-908 216 434 558 
-908 216 438 554 
-908 228 426 554 
-908 245 248 715 
-908 248 437 523 
-908 260 437 511 
-908 284 349 575 
-908 284 350 574 
-908 284 423 501 
-897 -674 874 997 
-897 -502 826 873 
-897 -392 715 874 
-897 -383 715 865 
-897 -273 523 947 
-897 -254 715 736 
-897 -250 574 873 
-897 -243 575 865 
-897 -226 426 997 
-897 -226 558 865 
-897 -226 645 778 
-897 -214 423 988 
-897 -200 523 874 
-897 -150 350 997 
-897 -38 523 712 
-897 -17 349 865 
-897 38 423 736 
-897 47 438 712 
-897 109 437 651 
-897 151 438 608 
-897 155 216 826 
-897 155 311 731 
-897 155 434 608 
-897 189 434 574 
-897 189 438 570 
-897 190 437 570 
-897 216 245 736 
-897 216 423 558 
-897 248 426 523 
-897 248 437 512 
-897 248 438 511 
-897 260 426 511 
-897 284 349 564 
-844 -502 781 865 
-844 -427 574 997 
-844 -397 715 826 
-844 -333 651 826 
-844 -245 442 947 
-844 -245 608 781 
-844 -244 523 865 
-844 -243 651 736 
-844 -226 423 947 
-844 -216 645 715 
-844 -209 575 778 
-844 -200 608 736 
-844 -150 558 736 
-844 -38 564 618 
-844 -38 574 608 
-844 38 109 997 
-844 47 109 988 
-844 47 523 574 
-844 109 155 880 
-844 109 512 523 
-844 151 423 570 
-844 151 437 556 
-844 155 253 736 
-844 190 442 512 
-844 245 248 651 
-844 282 350 512 
-844 284 349 511 
-844 284 423 437 
-844 284 426 434 
-817 -484 736 865 
-817 -469 712 874 
-817 -429 558 988 
-817 -427 556 988 
-817 -397 736 778 
-817 -392 512 997 
-817 -392 731 778 
-817 -386 556 947 
-817 -383 512 988 
-817 -353 523 947 
-817 -333 570 880 
-817 -273 564 826 
-817 -260 512 865 
-817 -243 645 715 
-817 -216 618 715 
-817 -200 437 880 
-817 -38 282 873 
-817 -17 260 874 
-817 -17 564 570 
-817 38 253 826 
-817 38 434 645 
-817 38 523 556 
-817 47 190 880 
-817 47 512 558 
-817 109 434 574 
-817 109 438 570 
-817 155 311 651 
-817 189 216 712 
-817 190 282 645 
-817 190 426 501 
-817 245 349 523 
-817 245 434 438 
-817 248 311 558 
-817 253 426 438 
-817 260 282 575 
-817 260 423 434 
-798 -500 651 947 
-798 -469 570 997 
-798 -427 645 880 
-798 -427 651 874 
-798 -420 645 873 
-798 -392 712 778 
-798 -383 608 873 
-798 -353 715 736 
-798 -333 434 997 
-798 -333 558 873 
-798 -254 574 778 
-798 -250 570 778 
-798 -244 564 778 
-798 -216 434 880 
-798 -214 438 874 
-798 -209 434 873 
-798 -209 442 865 
-798 -150 260 988 
-798 -150 512 736 
-798 -38 189 947 
-798 38 282 778 
-798 38 442 618 
-798 109 253 736 
-798 151 216 731 
-798 155 228 715 
-798 155 442 501 
-798 190 350 558 
-798 248 349 501 
-798 260 282 556 
-798 260 284 554 
-798 311 349 438 
-798 311 350 437 
-789 -500 715 874 
-789 -469 570 988 
-789 -429 645 873 
-789 -427 651 865 
-789 -420 512 997 
-789 -420 731 778 
-789 -392 608 873 
-789 -333 434 988 
-789 -260 523 826 
-789 -260 618 731 
-789 -250 558 781 
-789 -250 608 731 
-789 -245 556 778 
-789 -244 618 715 
-789 -243 554 778 
-789 -226 442 873 
-789 -216 574 731 
-789 -214 423 880 
-789 -214 438 865 
-789 -200 511 778 
-789 -200 558 731 
-789 -200 574 715 
-789 -38 253 874 
-789 -38 349 778 
-789 -17 109 997 
-789 47 216 826 
-789 47 311 731 
-789 47 434 608 
-789 109 426 554 
-789 151 426 512 
-789 151 437 501 
-789 155 423 511 
-789 189 282 618 
-789 190 248 651 
-789 216 228 645 
-789 216 350 523 
-789 228 253 608 
-789 228 349 512 
-789 228 350 511 
-789 228 423 438 
-789 253 282 554 
-789 282 284 523 
-778 -688 778 988 
-778 -600 731 947 
-778 -502 715 865 
-778 -484 574 988 
-778 -484 736 826 
-778 -427 558 947 
-778 -420 501 997 
-778 -420 618 880 
-778 -392 523 947 
-778 -353 434 997 
-778 -353 558 873 
-778 -333 423 988 
-778 -273 570 781 
-778 -260 350 988 
-778 -260 512 826 
-778 -254 554 778 
-778 -245 608 715 
-778 -244 442 880 
-778 -226 523 781 
-778 -216 558 736 
-778 -214 511 781 
-778 -214 556 736 
-778 -209 556 731 
-778 -209 575 712 
-778 47 151 880 
-778 47 253 778 
-778 47 423 608 
-778 151 282 645 
-778 151 426 501 
-778 155 349 574 
-778 216 350 512 
-778 228 349 501 
-778 248 260 570 
-778 282 284 512 
-713 -469 608 874 
-713 -427 575 865 
-713 -386 618 781 
-713 -383 523 873 
-713 -383 570 826 
-713 -383 618 778 
-713 -353 501 865 
-713 -353 651 715 
-713 -335 570 778 
-713 -333 349 997 
-713 -273 574 712 
-713 -260 558 715 
-713 -250 437 826 
-713 -250 618 645 
-713 -245 311 947 
-713 -244 260 997 
-713 -216 282 947 
-713 -216 349 880 
-713 -214 512 715 
-713 -209 349 873 
-713 -200 216 997 
-713 -200 501 712 
-713 -150 216 947 
-713 -150 512 651 
-713 38 260 715 
-713 109 189 715 
-713 109 253 651 
-713 109 350 554 
-713 151 350 512 
-713 155 284 574 
-713 189 216 608 
-713 189 260 564 
-713 190 248 575 
-713 190 253 570 
-713 190 311 512 
-713 228 284 501 
-713 248 253 512 
-713 260 311 442 
-688 -674 715 947 
-688 -600 715 873 
-688 -502 712 778 
-688 -500 608 880 
-688 -397 438 947 
-688 -397 511 874 
-688 -397 512 873 
-688 -392 554 826 
-688 -386 501 873 
-688 -335 608 715 
-688 -260 260 988 
-688 -260 512 736 
-688 -254 245 997 
-688 -254 511 731 
-688 -250 523 715 
-688 -245 245 988 
-688 -244 501 731 
-688 -243 284 947 
-688 -226 349 865 
-688 -216 216 988 
-688 -216 423 781 
-688 -216 426 778 
-688 -200 570 618 
-688 -150 423 715 
-688 -150 426 712 
-688 -150 564 574 
-688 -38 38 988 
-688 -38 245 781 
-688 -38 248 778 
-688 -38 311 715 
-688 38 438 512 
-688 109 228 651 
-688 109 437 442 
-688 189 245 554 
-688 190 228 570 
-688 216 260 512 
-688 216 349 423 
-688 228 248 512 
-674 -484 511 947 
-674 -469 570 873 
-674 -469 712 731 
-674 -429 523 880 
-674 -427 575 826 
-674 -392 501 865 
-674 -392 651 715 
-674 -386 645 715 
-674 -383 645 712 
-674 -353 501 826 
-674 -333 434 873 
-674 -333 442 865 
-674 -273 511 736 
-674 -250 350 874 
-674 -250 512 712 
-674 -245 438 781 
-674 -245 574 645 
-674 -244 437 781 
-674 -226 253 947 
-674 -214 570 618 
-674 -209 575 608 
-674 -200 438 736 
-674 -200 523 651 
-674 -200 556 618 
-674 -150 554 570 
-674 -38 437 575 
-674 -38 438 574 
-674 -38 442 570 
-674 -38 501 511 
-674 -17 260 731 
-674 -17 437 554 
-674 38 155 781 
-674 47 282 645 
-674 47 426 501 
-674 109 311 554 
-674 109 423 442 
-674 151 248 575 
-674 151 253 570 
-674 151 311 512 
-674 155 245 574 
-674 189 284 501 
-674 190 228 556 
-674 190 350 434 
-674 228 245 501 
-674 248 284 442 
-674 253 284 437 
-653 -600 556 997 
-653 -502 575 880 
-653 -484 564 873 
-653 -469 434 988 
-653 -429 556 826 
-653 -429 651 731 
-653 -427 554 826 
-653 -420 426 947 
-653 -392 564 781 
-653 -386 558 781 
-653 -386 608 731 
-653 -383 558 778 
-653 -353 426 880 
-653 -353 570 736 
-653 -353 575 731 
-653 -335 423 865 
-653 -333 574 712 
-653 -273 511 715 
-653 -273 575 651 
-653 -273 608 618 
-653 -260 216 997 
-653 -260 501 712 
-653 -254 260 947 
-653 -254 426 781 
-653 -254 556 651 
-653 -250 558 645 
-653 -216 438 731 
-653 -209 282 880 
-653 -209 426 736 
-653 -209 511 651 
-653 -209 554 608 
-653 -200 438 715 
-653 -38 260 731 
-653 -38 437 554 
-653 -17 189 781 
-653 47 350 556 
-653 151 228 574 
-653 151 248 554 
-653 155 190 608 
-653 155 228 570 
-653 189 190 574 
-653 189 253 511 
-653 216 311 426 
-653 245 282 426 
-653 248 282 423 
-600 -500 574 826 
-600 -484 437 947 
-600 -484 511 873 
-600 -484 558 826 
-600 -427 501 826 
-600 -420 608 712 
-600 -397 350 947 
-600 -397 423 874 
-600 -392 511 781 
-600 -392 556 736 
-600 -386 574 712 
-600 -353 608 645 
-600 -335 523 712 
-600 -333 245 988 
-600 -273 437 736 
-600 -273 442 731 
-600 -254 423 731 
-600 -254 442 712 
-600 -250 438 712 
-600 -245 570 575 
-600 -244 570 574 
-600 -243 155 988 
-600 -226 253 873 
-600 -226 556 570 
-600 -214 556 558 
-600 -209 501 608 
-600 -150 442 608 
-600 -38 426 512 
-600 -38 437 501 
-600 38 350 512 
-600 47 245 608 
-600 109 216 575 
-600 109 349 442 
-600 151 248 501 
-600 151 311 438 
-600 155 189 556 
-600 155 311 434 
-600 190 284 426 
-502 -500 437 865 
-502 -484 574 712 
-502 -469 556 715 
-502 -429 284 947 
-502 -427 282 947 
-502 -427 349 880 
-502 -420 349 873 
-502 -397 554 645 
-502 -386 570 618 
-502 -383 311 874 
-502 -353 282 873 
-502 -335 190 947 
-502 -335 311 826 
-502 -333 423 712 
-502 -273 501 574 
-502 -273 511 564 
-502 -260 189 873 
-502 -260 284 778 
-502 -260 350 712 
-502 -254 109 947 
-502 -254 438 618 
-502 -250 434 618 
-502 -245 311 736 
-502 -244 438 608 
-502 -243 437 608 
-502 -226 155 873 
-502 -216 282 736 
-502 -214 151 865 
-502 -214 190 826 
-502 -214 442 574 
-502 -209 437 574 
-502 -200 438 564 
-502 -150 216 736 
-502 -38 109 731 
-502 -38 189 651 
-502 -38 282 558 
-502 -38 284 556 
-502 -17 38 781 
-502 -17 245 574 
-502 38 189 575 
-502 38 190 574 
-502 38 253 511 
-502 151 228 423 
-502 189 190 423 
-500 -469 554 715 
-500 -469 618 651 
-500 -429 282 947 
-500 -429 349 880 
-500 -427 512 715 
-500 -420 442 778 
-500 -420 575 645 
-500 -392 245 947 
-500 -392 574 618 
-500 -386 189 997 
-500 -383 575 608 
-500 -353 438 715 
-500 -335 423 712 
-500 -333 253 880 
-500 -333 260 873 
-500 -333 558 575 
-500 -260 282 778 
-500 -260 442 618 
-500 -254 189 865 
-500 -254 228 826 
-500 -250 442 608 
-500 -245 437 608 
-500 -244 47 997 
-500 -244 426 618 
-500 -226 38 988 
-500 -226 245 781 
-500 -226 248 778 
-500 -226 311 715 
-500 -216 151 865 
-500 -216 190 826 
-500 -216 442 574 
-500 -209 228 781 
-500 -209 434 575 
-500 -200 349 651 
-500 -200 426 574 
-500 -200 442 558 
-500 -150 -38 988 
-500 -150 438 512 
-500 -38 282 556 
-500 -38 284 554 
-500 -17 253 564 
-500 38 47 715 
-500 47 189 564 
-500 47 311 442 
-500 109 190 501 
-500 109 253 438 
-500 190 260 350 
-484 -469 608 645 
-484 -429 216 997 
-484 -429 501 712 
-484 -420 216 988 
-484 -420 423 781 
-484 -420 426 778 
-484 -392 311 865 
-484 -392 350 826 
-484 -392 558 618 
-484 -386 434 736 
-484 -353 190 947 
-484 -353 311 826 
-484 -335 245 874 
-484 -335 501 618 
-484 -335 511 608 
-484 -273 501 556 
-484 -260 47 997 
-484 -260 426 618 
-484 -254 260 778 
-484 -250 253 781 
-484 -250 426 608 
-484 -250 511 523 
-484 -245 155 874 
-484 -245 248 781 
-484 -244 155 873 
-484 -216 349 651 
-484 -216 426 574 
-484 -216 442 558 
-484 -214 423 575 
-484 -214 434 564 
-484 -214 442 556 
-484 -209 423 570 
-484 -209 437 556 
-484 -200 248 736 
-484 -200 253 731 
-484 -200 426 558 
-484 -150 423 511 
-484 -38 248 574 
-484 -38 311 511 
-484 -17 245 556 
-484 38 190 556 
-484 38 245 501 
-484 47 311 426 
-484 151 284 349 
-484 189 245 350 
-484 189 284 311 
-484 190 245 349 
-484 228 245 311 
-469 -397 558 608 
-469 -386 282 873 
-469 -383 155 997 
-469 -383 437 715 
-469 -383 501 651 
-469 -353 248 874 
-469 -353 558 564 
-469 -333 155 947 
-469 -333 228 874 
-469 -273 216 826 
-469 -273 311 731 
-469 -273 434 608 
-469 -260 155 874 
-469 -260 248 781 
-469 -254 245 778 
-469 -254 311 712 
-469 -254 511 512 
-469 -244 282 731 
-469 -244 438 575 
-469 -244 501 512 
-469 -243 437 575 
-469 -243 438 574 
-469 -243 442 570 
-469 -243 501 511 
-469 -226 350 645 
-469 -226 437 558 
-469 -216 38 947 
-469 -214 109 874 
-469 -150 311 608 
-469 -150 349 570 
-469 -38 189 618 
-469 -38 253 554 
-469 -38 284 523 
-469 -17 216 570 
-469 -17 228 558 
-469 -17 349 437 
-469 47 284 438 
-469 109 311 349 
-429 -427 282 874 
-429 -427 511 645 
-429 -420 284 865 
-429 -420 434 715 
-429 -420 437 712 
-429 -420 574 575 
-429 -397 253 873 
-429 -397 556 570 
-429 -392 248 873 
-429 -383 554 558 
-429 -353 437 645 
-429 -353 512 570 
-429 -335 190 874 
-429 -335 349 715 
-429 -333 189 873 
-429 -333 284 778 
-429 -333 350 712 
-429 -273 438 564 
-429 -260 109 880 
-429 -260 253 736 
-429 -254 109 874 
-429 -250 248 731 
-429 -250 423 556 
-429 -245 109 865 
-429 -243 260 712 
-429 -216 434 511 
-429 -214 228 715 
-429 -214 442 501 
-429 -209 426 512 
-429 -209 437 501 
-429 -200 151 778 
-429 -200 284 645 
-429 -200 311 618 
-429 -150 228 651 
-429 -150 437 442 
-429 -17 190 556 
-429 -17 245 501 
-429 38 190 501 
-429 38 253 438 
-429 47 245 437 
-429 47 248 434 
-429 151 155 423 
-429 151 228 350 
-429 189 190 350 
-429 190 228 311 
-429 216 253 260 
-429 228 248 253 
-427 -420 282 865 
-427 -397 554 570 
-427 -392 245 874 
-427 -392 501 618 
-427 -392 511 608 
-427 -386 248 865 
-427 -383 245 865 
-427 -383 284 826 
-427 -383 554 556 
-427 -353 349 731 
-427 -335 189 873 
-427 -335 284 778 
-427 -335 350 712 
-427 -333 282 778 
-427 -333 442 618 
-427 -273 349 651 
-427 -273 426 574 
-427 -273 442 558 
-427 -260 423 564 
-427 -254 155 826 
-427 -254 245 736 
-427 -254 423 558 
-427 -250 151 826 
-427 -250 423 554 
-427 -245 260 712 
-427 -244 -17 988 
-427 -244 190 781 
-427 -243 189 781 
-427 -226 442 511 
-427 -216 228 715 
-427 -216 442 501 
-427 -209 155 781 
-427 -200 47 880 
-427 -200 282 645 
-427 -200 426 501 
-427 -38 190 575 
-427 -38 253 512 
-427 -17 190 554 
-427 190 253 284 
-420 -392 554 558 
-420 -386 109 997 
-420 -335 190 865 
-420 -335 437 618 
-420 -335 501 554 
-420 -273 423 570 
-420 -273 437 556 
-420 -260 -17 997 
-420 -260 426 554 
-420 -254 109 865 
-420 -250 189 781 
-420 -245 253 712 
-420 -245 442 523 
-420 -244 228 736 
-420 -243 248 715 
-420 -226 423 523 
-420 -226 434 512 
-420 -216 155 781 
-420 -214 423 511 
-420 -209 151 778 
-420 -209 284 645 
-420 -209 311 618 
-420 -200 47 873 
-420 -200 189 731 
-420 -200 350 570 
-420 -150 155 715 
-420 -17 311 426 
-420 38 245 437 
-420 38 248 434 
-420 47 109 564 
-420 155 216 349 
-420 190 248 282 
-397 -392 216 873 
-397 -392 311 778 
-397 -392 438 651 
-397 -386 438 645 
-397 -383 349 731 
-397 -353 442 608 
-397 -273 189 781 
-397 -260 245 712 
-397 -260 349 608 
-397 -260 434 523 
-397 -250 216 731 
-397 -243 228 712 
-397 -226 349 574 
-397 -216 349 564 
-397 -214 38 873 
-397 -214 260 651 
-397 -209 350 556 
-397 47 216 434 
-397 109 151 437 
-397 155 260 282 
-397 189 248 260 
-397 216 228 253 
-392 -383 501 574 
-392 -383 511 564 
-392 -353 437 608 
-392 -333 151 874 
-392 -273 253 712 
-392 -273 442 523 
-392 -260 216 736 
-392 -254 423 523 
-392 -254 434 512 
-392 -245 426 511 
-392 -244 155 781 
-392 -243 109 826 
-392 -243 284 651 
-392 -243 423 512 
-392 -243 434 501 
-392 -226 38 880 
-392 -216 350 558 
-392 -214 350 556 
-392 -209 189 712 
-392 -200 284 608 
-392 -150 -38 880 
-392 -150 284 558 
-392 -38 155 575 
-392 -17 151 558 
-392 -17 155 554 
-392 38 216 438 
-392 38 228 426 
-392 155 253 284 
-392 216 228 248 
-386 -383 189 880 
-386 -383 511 558 
-386 -273 -38 997 
-386 -273 228 731 
-386 -260 423 523 
-386 -260 434 512 
-386 -254 228 712 
-386 -250 155 781 
-386 -245 216 715 
-386 -244 -17 947 
-386 -243 151 778 
-386 -243 284 645 
-386 -243 311 618 
-386 -226 38 874 
-386 -226 47 865 
-386 -216 190 712 
-386 -216 284 618 
-386 -214 282 618 
-386 -200 155 731 
-386 -200 311 575 
-386 -150 -38 874 
-386 -150 228 608 
-386 -150 282 554 
-386 -38 282 442 
-386 47 216 423 
-386 109 151 426 
-386 109 228 349 
-386 151 253 282 
-383 -383 512 554 
-383 -335 282 736 
-383 -333 151 865 
-383 -333 190 826 
-383 -333 442 574 
-383 -273 311 645 
-383 -260 228 715 
-383 -260 442 501 
-383 -254 426 511 
-383 -250 155 778 
-383 -250 282 651 
-383 -245 216 712 
-383 -244 47 880 
-383 -244 282 645 
-383 -244 426 501 
-383 -243 190 736 
-383 -226 -38 947 
-383 -216 248 651 
-383 -209 284 608 
-383 -38 151 570 
-383 -38 284 437 
-383 -17 189 511 
-383 109 151 423 
-383 151 248 284 
-383 190 245 248 
-353 -335 434 554 
-353 -273 190 736 
-353 -260 349 564 
-353 -254 349 558 
-353 -250 38 865 
-353 -250 349 554 
-353 -245 253 645 
-353 -243 245 651 
-353 -226 228 651 
-353 -226 437 442 
-353 -216 311 558 
-353 -214 155 712 
-353 -214 216 651 
-353 -214 311 556 
-353 -209 350 512 
-353 -200 245 608 
-353 -150 228 575 
-353 -150 245 558 
-353 -38 190 501 
-353 -38 253 438 
-353 -17 228 442 
-353 38 189 426 
-353 109 260 284 
-353 155 216 282 
-353 155 245 253 
-353 189 216 248 
-335 -333 190 778 
-335 -333 253 715 
-335 -333 350 618 
-335 -273 350 558 
-335 -250 311 574 
-335 -245 438 442 
-335 -244 228 651 
-335 -244 437 442 
-335 -243 260 618 
-335 -226 216 645 
-335 -226 253 608 
-335 -226 349 512 
-335 -226 350 511 
-335 -226 423 438 
-335 -216 350 501 
-335 -214 423 426 
-335 -200 -38 873 
-335 -200 190 645 
-335 -200 260 575 
-335 -150 284 501 
-335 -38 109 564 
-335 -17 151 501 
-335 38 155 442 
-335 38 248 349 
-335 47 151 437 
-333 -273 350 556 
-333 -260 248 645 
-333 -254 109 778 
-333 -254 151 736 
-333 -245 260 618 
-333 -243 434 442 
-333 -226 284 575 
-333 -216 423 426 
-333 -214 -150 997 
-333 -209 -38 880 
-333 -209 284 558 
-333 -150 47 736 
-333 -150 260 523 
-333 -150 282 501 
-333 -150 349 434 
-333 -38 245 426 
-333 -38 248 423 
-333 -17 216 434 
-333 38 245 350 
-333 38 284 311 
-333 189 216 228 
-273 -254 -38 865 
-273 -254 253 574 
-273 -250 248 575 
-273 -250 253 570 
-273 -250 311 512 
-273 -245 248 570 
-273 -245 260 558 
-273 -244 253 564 
-273 -243 38 778 
-273 -243 260 556 
-273 -226 245 554 
-273 -214 349 438 
-273 -214 350 437 
-273 -209 228 554 
-273 -200 155 618 
-273 -200 350 423 
-273 -38 47 564 
-273 38 109 426 
-273 38 253 282 
-273 109 216 248 
-273 155 190 228 
-260 -254 260 554 
-260 -245 282 523 
-260 -244 248 556 
-260 -243 228 575 
-260 -243 245 558 
-260 -226 216 570 
-260 -226 228 558 
-260 -226 349 437 
-260 -216 253 523 
-260 -216 350 426 
-260 -214 38 736 
-260 -214 216 558 
-260 -209 38 731 
-260 -209 151 618 
-260 -200 109 651 
-260 -200 190 570 
-260 -200 248 512 
-260 -150 284 426 
-260 -38 248 350 
-260 -17 151 426 
-260 -17 228 349 
-260 47 253 260 
-260 155 189 216 
-254 -250 248 556 
-254 -245 245 554 
-254 -244 190 608 
-254 -244 228 570 
-254 -243 -200 997 
-254 -243 -150 947 
-254 -243 189 608 
-254 -226 216 564 
-254 -216 216 554 
-254 -214 245 523 
-254 -209 155 608 
-254 -209 189 574 
-254 -200 109 645 
-254 -200 190 564 
-254 -200 253 501 
-254 -38 38 554 
-254 -38 155 437 
-254 -17 260 311 
-254 151 155 248 
-250 -245 284 511 
-250 -244 282 512 
-250 -243 282 511 
-250 -226 253 523 
-250 -226 350 426 
-250 -214 -17 781 
-250 -214 189 575 
-250 -214 190 574 
-250 -214 253 511 
-250 -209 47 712 
-250 -209 151 608 
-250 -209 189 570 
-250 -209 248 511 
-250 -200 38 712 
-250 -150 189 511 
-250 -38 151 437 
-250 38 228 284 
-245 -243 -209 997 
-245 -243 -200 988 
-245 -243 -38 826 
-245 -243 350 438 
-245 -226 248 523 
-245 -226 260 511 
-245 -216 -17 778 
-245 -216 260 501 
-245 -214 47 712 
-245 -214 151 608 
-245 -214 189 570 
-245 -214 248 511 
-245 -209 109 645 
-245 -209 190 564 
-245 -209 253 501 
-245 -200 189 556 
-245 -200 311 434 
-245 -150 -17 712 
-245 -150 253 442 
-245 47 216 282 
-245 47 245 253 
-244 -243 349 438 
-244 -243 350 437 
-244 -226 216 554 
-244 -216 109 651 
-244 -216 190 570 
-244 -216 248 512 
-244 -209 38 715 
-244 -209 189 564 
-244 -209 311 442 
-244 -200 190 554 
-244 -150 260 434 
-244 -17 38 523 
-244 109 151 284 
-244 109 190 245 
-243 -226 38 731 
-243 -226 151 618 
-243 -216 47 712 
-243 -216 151 608 
-243 -216 189 570 
-243 -216 248 511 
-243 -214 245 512 
-243 -200 -38 781 
-243 -200 189 554 
-243 -150 -38 731 
-243 -38 155 426 
-243 38 155 350 
-243 38 245 260 
-243 109 189 245 
-226 -214 -38 778 
-226 -214 228 512 
-226 -200 151 575 
-226 -200 284 442 
-226 -150 253 423 
-226 -38 253 311 
-226 -17 109 434 
-226 38 228 260 
-226 109 189 228 
-216 -214 -150 880 
-216 -214 155 575 
-216 -209 151 574 
-216 -209 155 570 
-216 -200 282 434 
-216 -150 155 511 
-216 -150 228 438 
-216 47 216 253 
-214 -209 -150 873 
-214 -200 -17 731 
-214 38 216 260 
-214 38 228 248 
-214 109 189 216 
-209 -200 151 558 
-209 -200 155 554 
-209 -38 -17 564 
-209 -38 109 438 
-209 38 189 282 
-209 47 151 311 
-209 109 155 245 
-200 -200 189 511 
-200 -150 216 434 
-200 -38 189 349 
-200 38 151 311 
-150 -38 228 260 
-150 47 155 248 
-150 109 151 190 
-38 38 47 253 